200.00,0.03552
201.00,0.01013
202.00,-0.01880
203.00,-0.01904
204.00,0.03223
205.00,0.07983
206.00,0.05652
207.00,0.00476
208.00,-0.04980
209.00,-0.02161
210.00,0.03210
211.00,0.00293
212.00,0.00232
213.00,0.00171
214.00,-0.00500
215.00,0.01672
216.00,0.03650
217.00,0.03101
218.00,-0.02100
219.00,-0.06506
220.00,-0.05603
221.00,0.04346
222.00,0.15369
223.00,0.21545
224.00,0.23962
225.00,0.23877
226.00,0.23511
227.00,0.22827
228.00,0.22046
229.00,0.21252
230.00,0.20435
231.00,0.19604
232.00,0.18738
233.00,0.17786
234.00,0.16797
235.00,0.15771
236.00,0.14709
237.00,0.13672
238.00,0.12695
239.00,0.11768
240.00,0.10925
241.00,0.10181
242.00,0.09509
243.00,0.08887
244.00,0.08337
245.00,0.07825
246.00,0.07300
247.00,0.06787
248.00,0.06274
249.00,0.05762
250.00,0.05261
251.00,0.04761
252.00,0.04297
253.00,0.03882
254.00,0.03516
255.00,0.03162
256.00,0.02844
257.00,0.02563
258.00,0.02319
259.00,0.02124
260.00,0.01941
261.00,0.01794
262.00,0.01697
263.00,0.01599
264.00,0.01514
265.00,0.01428
266.00,0.01379
267.00,0.01318
268.00,0.01270
269.00,0.01208
270.00,0.01135
271.00,0.01038
272.00,0.00940
273.00,0.00830
274.00,0.00720
275.00,0.00598
276.00,0.00464
277.00,0.00330
278.00,0.00195
279.00,0.00037
280.00,-0.00134
281.00,-0.00305
282.00,-0.00452
283.00,-0.00598
284.00,-0.00757
285.00,-0.00903
286.00,-0.01074
287.00,-0.01245
288.00,-0.01428
289.00,-0.01611
290.00,-0.01758
291.00,-0.01917
292.00,-0.02063
293.00,-0.02197
294.00,-0.02319
295.00,-0.02429
296.00,-0.02539
297.00,-0.02661
298.00,-0.02075
299.00,0.00159
300.00,0.02002
301.00,0.02209
302.00,0.02124
303.00,0.02039
304.00,0.01965
305.00,0.01892
306.00,0.01819
307.00,0.01746
308.00,0.01672
309.00,0.01624
310.00,0.01563
311.00,0.01489
312.00,0.01440
313.00,0.01392
314.00,0.01355
315.00,0.01306
316.00,0.01257
317.00,0.01221
318.00,0.01184
319.00,0.01160
320.00,0.01135
321.00,0.01111
322.00,0.01086
323.00,0.01050
324.00,0.01038
325.00,0.01025
326.00,0.01001
327.00,0.00989
328.00,0.00977
329.00,0.00964
330.00,0.00940
331.00,0.00916
332.00,0.00891
333.00,0.00891
334.00,0.00879
335.00,0.00854
336.00,0.00818
337.00,0.00806
338.00,0.00806
339.00,0.00781
340.00,0.00757
341.00,0.00671
342.00,0.00610
343.00,0.00586
344.00,0.00574
345.00,0.00562
346.00,0.00549
347.00,0.00537
348.00,0.00525
349.00,0.00513
350.00,0.00488
351.00,0.00476
352.00,0.00464
353.00,0.00464
354.00,0.00439
355.00,0.00415
356.00,0.00403
357.00,0.00403
358.00,0.00391
359.00,0.00378
360.00,0.00378
361.00,0.00378
362.00,0.00366
363.00,0.00354
364.00,0.00342
365.00,0.00342
366.00,0.00342
367.00,0.00342
368.00,0.00342
369.00,0.00330
370.00,0.00317
371.00,0.00317
372.00,0.00330
373.00,0.00317
374.00,0.00305
375.00,0.00293
376.00,0.00281
377.00,0.00281
378.00,0.00269
379.00,0.00269
380.00,0.00269
381.00,0.00269
382.00,0.00256
383.00,0.00256
384.00,0.00256
385.00,0.00256
386.00,0.00256
387.00,0.00244
388.00,0.00244
389.00,0.00244
390.00,0.00244
391.00,0.00244
392.00,0.00244
393.00,0.00244
394.00,0.00244
395.00,0.00244
396.00,0.00244
397.00,0.00244
398.00,0.00244
399.00,0.00244
400.00,0.00232
401.00,0.00232
402.00,0.00244
403.00,0.00232
404.00,0.00232
405.00,0.00232
406.00,0.00232
407.00,0.00232
408.00,0.00232
409.00,0.00232
410.00,0.00232
411.00,0.00232
412.00,0.00232
413.00,0.00232
414.00,0.00232
415.00,0.00256
416.00,0.00256
417.00,0.00244
418.00,0.00244
419.00,0.00244
420.00,0.00244
421.00,0.00244
422.00,0.00244
423.00,0.00244
424.00,0.00244
425.00,0.00244
426.00,0.00244
427.00,0.00244
428.00,0.00244
429.00,0.00232
430.00,0.00232
431.00,0.00232
432.00,0.00232
433.00,0.00232
434.00,0.00232
435.00,0.00232
436.00,0.00232
437.00,0.00232
438.00,0.00232
439.00,0.00232
440.00,0.00232
441.00,0.00232
442.00,0.00232
443.00,0.00232
444.00,0.00232
445.00,0.00232
446.00,0.00232
447.00,0.00232
448.00,0.00232
449.00,0.00232
450.00,0.00232
451.00,0.00244
452.00,0.00232
453.00,0.00232
454.00,0.00232
455.00,0.00244
456.00,0.00244
457.00,0.00244
458.00,0.00244
459.00,0.00244
460.00,0.00244
461.00,0.00244
462.00,0.00244
463.00,0.00256
464.00,0.00256
465.00,0.00256
466.00,0.00256
467.00,0.00269
468.00,0.00269
469.00,0.00269
470.00,0.00269
471.00,0.00269
472.00,0.00269
473.00,0.00269
474.00,0.00269
475.00,0.00269
476.00,0.00281
477.00,0.00293
478.00,0.00305
479.00,0.00305
480.00,0.00305
481.00,0.00305
482.00,0.00317
483.00,0.00317
484.00,0.00317
485.00,0.00317
486.00,0.00317
487.00,0.00317
488.00,0.00317
489.00,0.00317
490.00,0.00317
491.00,0.00317
492.00,0.00317
493.00,0.00317
494.00,0.00330
495.00,0.00330
496.00,0.00330
497.00,0.00317
498.00,0.00330
499.00,0.00330
500.00,0.00330
501.00,0.00342
502.00,0.00342
503.00,0.00354
504.00,0.00354
505.00,0.00342
506.00,0.00342
507.00,0.00342
508.00,0.00342
509.00,0.00342
510.00,0.00342
511.00,0.00354
512.00,0.00354
513.00,0.00354
514.00,0.00354
515.00,0.00366
516.00,0.00378
517.00,0.00391
518.00,0.00391
519.00,0.00403
520.00,0.00415
521.00,0.00427
522.00,0.00452
523.00,0.00464
524.00,0.00464
525.00,0.00464
526.00,0.00476
527.00,0.00476
528.00,0.00488
529.00,0.00488
530.00,0.00488
531.00,0.00488
532.00,0.00488
533.00,0.00488
534.00,0.00488
535.00,0.00500
536.00,0.00513
537.00,0.00525
538.00,0.00537
539.00,0.00537
540.00,0.00537
541.00,0.00537
542.00,0.00549
543.00,0.00549
544.00,0.00549
545.00,0.00549
546.00,0.00549
547.00,0.00549
548.00,0.00562
549.00,0.00562
550.00,0.00562
551.00,0.00562
552.00,0.00574
553.00,0.00586
554.00,0.00598
555.00,0.00598
556.00,0.00598
557.00,0.00610
558.00,0.00610
559.00,0.00623
560.00,0.00635
561.00,0.00659
562.00,0.00671
563.00,0.00684
564.00,0.00708
565.00,0.00745
566.00,0.00757
567.00,0.00781
568.00,0.00818
569.00,0.00854
570.00,0.00891
571.00,0.00916
572.00,0.00952
573.00,0.01013
574.00,0.01038
575.00,0.01074
576.00,0.01111
577.00,0.01160
578.00,0.01196
579.00,0.01245
580.00,0.01282
581.00,0.01318
582.00,0.01379
583.00,0.01428
584.00,0.01465
585.00,0.01501
586.00,0.01538
587.00,0.01575
588.00,0.01611
589.00,0.01648
590.00,0.01685
591.00,0.01697
592.00,0.01709
593.00,0.01733
594.00,0.01758
595.00,0.01770
596.00,0.01782
597.00,0.01807
598.00,0.01819
599.00,0.01831
600.00,0.01843
601.00,0.01843
602.00,0.01868
603.00,0.01892
604.00,0.01917
605.00,0.01941
606.00,0.01978
607.00,0.02002
608.00,0.02026
609.00,0.02063
610.00,0.02100
611.00,0.02148
612.00,0.02185
613.00,0.02222
614.00,0.02258
615.00,0.02295
616.00,0.02332
617.00,0.02368
618.00,0.02405
619.00,0.02441
620.00,0.02478
621.00,0.02502
622.00,0.02527
623.00,0.02551
624.00,0.02563
625.00,0.02563
626.00,0.02576
627.00,0.02576
628.00,0.02576
629.00,0.02576
630.00,0.02576
631.00,0.02563
632.00,0.02551
633.00,0.02539
634.00,0.02527
635.00,0.02515
636.00,0.02502
637.00,0.02502
638.00,0.02490
639.00,0.02478
640.00,0.02466
641.00,0.02454
642.00,0.02429
643.00,0.02429
644.00,0.02417
645.00,0.02393
646.00,0.02380
647.00,0.02368
648.00,0.02356
649.00,0.02344
650.00,0.02332
651.00,0.02319
652.00,0.02307
653.00,0.02295
654.00,0.02295
655.00,0.02295
656.00,0.02295
657.00,0.02295
658.00,0.02295
659.00,0.02295
660.00,0.02283
661.00,0.02283
662.00,0.02271
663.00,0.02271
664.00,0.02246
665.00,0.02209
666.00,0.02185
667.00,0.02148
668.00,0.02112
669.00,0.02063
670.00,0.02014
671.00,0.01953
672.00,0.01892
673.00,0.01819
674.00,0.01746
675.00,0.01672
676.00,0.01599
677.00,0.01526
678.00,0.01453
679.00,0.01392
680.00,0.01318
681.00,0.01245
682.00,0.01172
683.00,0.01123
684.00,0.01074
685.00,0.01013
686.00,0.00964
687.00,0.00928
688.00,0.00891
689.00,0.00854
690.00,0.00818
691.00,0.00781
692.00,0.00757
693.00,0.00720
694.00,0.00696
695.00,0.00671
696.00,0.00647
697.00,0.00635
698.00,0.00623
699.00,0.00598
700.00,0.00586
701.00,0.00562
702.00,0.00549
703.00,0.00537
704.00,0.00537
705.00,0.00525
706.00,0.00513
707.00,0.00500
708.00,0.00488
709.00,0.00488
710.00,0.00488
711.00,0.00488
712.00,0.00476
713.00,0.00476
714.00,0.00476
715.00,0.00476
716.00,0.00464
717.00,0.00464
718.00,0.00464
719.00,0.00464
720.00,0.00464
721.00,0.00464
722.00,0.00464
723.00,0.00464
724.00,0.00464
725.00,0.00464
726.00,0.00464
727.00,0.00464
728.00,0.00464
729.00,0.00464
730.00,0.00464
731.00,0.00476
732.00,0.00464
733.00,0.00464
734.00,0.00464
735.00,0.00464
736.00,0.00464
737.00,0.00464
738.00,0.00464
739.00,0.00464
740.00,0.00464
741.00,0.00464
742.00,0.00464
743.00,0.00464
744.00,0.00464
745.00,0.00464
746.00,0.00464
747.00,0.00464
748.00,0.00464
749.00,0.00464
750.00,0.00464
751.00,0.00464
752.00,0.00464
753.00,0.00464
754.00,0.00464
755.00,0.00464
756.00,0.00464
757.00,0.00464
758.00,0.00464
759.00,0.00476
760.00,0.00464
761.00,0.00464
762.00,0.00464
763.00,0.00464
764.00,0.00464
765.00,0.00464
766.00,0.00464
767.00,0.00464
768.00,0.00464
769.00,0.00464
770.00,0.00464
771.00,0.00464
772.00,0.00464
773.00,0.00464
774.00,0.00464
775.00,0.00464
776.00,0.00464
777.00,0.00464
778.00,0.00464
779.00,0.00464
780.00,0.00464
781.00,0.00464
782.00,0.00464
783.00,0.00464
784.00,0.00464
785.00,0.00464
786.00,0.00464
787.00,0.00476
788.00,0.00476
789.00,0.00476
790.00,0.00476
791.00,0.00476
792.00,0.00476
793.00,0.00476
794.00,0.00476
795.00,0.00476
796.00,0.00476
797.00,0.00476
798.00,0.00476
799.00,0.00476
800.00,0.00476
801.00,0.00476
802.00,0.00476
803.00,0.00476
804.00,0.00476
805.00,0.00476
806.00,0.00476
807.00,0.00476
808.00,0.00476
809.00,0.00476
810.00,0.00476
811.00,0.00464
812.00,0.00464
813.00,0.00464
814.00,0.00464
815.00,0.00464
816.00,0.00464
817.00,0.00464
818.00,0.00464
819.00,0.00464
820.00,0.00464
821.00,0.00464
822.00,0.00464
823.00,0.00464
824.00,0.00464
825.00,0.00464
826.00,0.00464
827.00,0.00464
828.00,0.00464
829.00,0.00464
830.00,0.00464
831.00,0.00464
832.00,0.00464
833.00,0.00464
834.00,0.00464
835.00,0.00464
836.00,0.00476
837.00,0.00464
838.00,0.00464
839.00,0.00464
840.00,0.00464
841.00,0.00476
842.00,0.00464
843.00,0.00464
844.00,0.00476
845.00,0.00476
846.00,0.00476
847.00,0.00476
848.00,0.00488
849.00,0.00476
850.00,0.00476
851.00,0.00513
852.00,0.00488
853.00,0.00476
854.00,0.00500
855.00,0.00488
856.00,0.00488
857.00,0.00500
858.00,0.00500
859.00,0.00500
860.00,0.00500
861.00,0.00500
862.00,0.00513
863.00,0.00525
864.00,0.00525
865.00,0.00525
866.00,0.00525
867.00,0.00525
868.00,0.00537
869.00,0.00537
870.00,0.00537
871.00,0.00537
872.00,0.00549
873.00,0.00549
874.00,0.00549
875.00,0.00562
876.00,0.00562
877.00,0.00562
878.00,0.00562
879.00,0.00562
880.00,0.00562
881.00,0.00562
882.00,0.00562
883.00,0.00562
884.00,0.00562
885.00,0.00562
886.00,0.00562
887.00,0.00562
888.00,0.00562
889.00,0.00562
890.00,0.00562
891.00,0.00562
892.00,0.00562
893.00,0.00574
894.00,0.00574
895.00,0.00574
896.00,0.00574
897.00,0.00574
898.00,0.00574
899.00,0.00574
900.00,0.00574
